MU: -0.792718
SIGMA: 0.632139
